1.000000000000000000e+03
1.075835898542178484e+03
1.157422880592056572e+03
1.245197084735033059e+03
1.339627724518015611e+03
1.441219596718853381e+03
1.550515779832625412e+03
1.668100537200059080e+03
1.794602440297316434e+03
1.930697728883249511e+03
2.077113925966454190e+03
2.234633726916594696e+03
2.404099183509971681e+03
2.586416205275968423e+03
2.782559402207125913e+03
2.993577294720490499e+03
3.220597918721082806e+03
3.464834855730366144e+03
3.727593720314937855e+03
4.010279139495207346e+03
4.314402261443780844e+03
4.641588833612777307e+03
4.993587893473149961e+03
5.372281118324031013e+03
5.779692884153313571e+03
6.218001087320914849e+03
6.689548786914139782e+03
7.196856730011520995e+03
7.742636826811270112e+03
8.329806647658264410e+03
8.961505019466050726e+03
9.641108804907500598e+03
1.037225095407057051e+04
1.115883992507748007e+04
1.200508057748406645e+04
1.291549665014882703e+04
1.389495494373135989e+04
1.494869133709231392e+04
1.608233877667042179e+04
1.730195738845894448e+04
1.861406687355121176e+04
2.002568136043116829e+04
2.154434690031882201e+04
2.317818180600894630e+04
2.493592004984161031e+04
2.682695795279727463e+04
2.886140441430089777e+04
3.105013495124860128e+04
3.340484983513244515e+04
3.593813663804625685e+04
3.866353752192408137e+04
4.159562163071842951e+04
4.475006297250444186e+04
4.814372420784338465e+04
5.179474679231212940e+04
5.572264795507173403e+04
5.994842503189409035e+04
6.449466771037620492e+04
6.938567878737181309e+04
7.464760408417128201e+04
8.030857221391520579e+04
8.639884494839690160e+04
9.295097898806493322e+04
1.000000000000000000e+05
